Палуб: 4, количество: 1
  2   3   4   5   5   5   5   4   3   2 
  3   4   5   6   6   6   6   5   4   3 
  4   5   6   7   7   7   7   6   5   4 
  5   6   7   8   8   8   8   7   6   5 
  5   6   7   8   8   8   8   7   6   5 
  5   6   7   8   8   8   8   7   6   5 
  5   6   7   8   8   8   8   7   6   5 
  4   5   6   7   7   7   7   6   5   4 
  3   4   5   6   6   6   6   5   4   3 
  2   3   4   5   5   5   5   4   3   2 
Палуб: 3, количество: 2
  4   6   8   8   8   8   8   8   6   4 
  6   8  10  10  10  10  10  10   8   6 
  8  10  12  12  12  12  12  12  10   8 
  8  10  12  12  12  12  12  12  10   8 
  8  10  12  12  12  12  12  12  10   8 
  8  10  12  12  12  12  12  12  10   8 
  8  10  12  12  12  12  12  12  10   8 
  8  10  12  12  12  12  12  12  10   8 
  6   8  10  10  10  10  10  10   8   6 
  4   6   8   8   8   8   8   8   6   4 
Палуб: 2, количество: 3
  6   9   9   9   9   9   9   9   9   6 
  9  12  12  12  12  12  12  12  12   9 
  9  12  12  12  12  12  12  12  12   9 
  9  12  12  12  12  12  12  12  12   9 
  9  12  12  12  12  12  12  12  12   9 
  9  12  12  12  12  12  12  12  12   9 
  9  12  12  12  12  12  12  12  12   9 
  9  12  12  12  12  12  12  12  12   9 
  9  12  12  12  12  12  12  12  12   9 
  6   9   9   9   9   9   9   9   9   6 
Суммарные матрицы
Палуб: 4, количество: 1
 26  34  42  50  52  52  50  42  34  26 
 34  44  54  64  66  66  64  54  44  34 
 42  54  66  78  80  80  78  66  54  42 
 50  64  78  92  94  94  92  78  64  50 
 52  66  80  94  96  96  94  80  66  52 
 52  66  80  94  96  96  94  80  66  52 
 50  64  78  92  94  94  92  78  64  50 
 42  54  66  78  80  80  78  66  54  42 
 34  44  54  64  66  66  64  54  44  34 
 26  34  42  50  52  52  50  42  34  26 
Палуб: 3, количество: 2
 32  44  56  60  62  62  60  56  44  32 
 44  60  76  80  82  82  80  76  60  44 
 56  76  96 100 102 102 100  96  76  56 
 60  80 100 104 106 106 104 100  80  60 
 62  82 102 106 108 108 106 102  82  62 
 62  82 102 106 108 108 106 102  82  62 
 60  80 100 104 106 106 104 100  80  60 
 56  76  96 100 102 102 100  96  76  56 
 44  60  76  80  82  82  80  76  60  44 
 32  44  56  60  62  62  60  56  44  32 
Палуб: 2, количество: 3
 24  36  39  39  39  39  39  39  36  24 
 36  54  57  57  57  57  57  57  54  36 
 39  57  60  60  60  60  60  60  57  39 
 39  57  60  60  60  60  60  60  57  39 
 39  57  60  60  60  60  60  60  57  39 
 39  57  60  60  60  60  60  60  57  39 
 39  57  60  60  60  60  60  60  57  39 
 39  57  60  60  60  60  60  60  57  39 
 36  54  57  57  57  57  57  57  54  36 
 24  36  39  39  39  39  39  39  36  24 
Суммарная вероятность до сортировки
 82 114 137 149 153 153 149 137 114  82 
114 158 187 201 205 205 201 187 158 114 
137 187 222 238 242 242 238 222 187 137 
149 201 238 256 260 260 256 238 201 149 
153 205 242 260 264 264 260 242 205 153 
153 205 242 260 264 264 260 242 205 153 
149 201 238 256 260 260 256 238 201 149 
137 187 222 238 242 242 238 222 187 137 
114 158 187 201 205 205 201 187 158 114 
 82 114 137 149 153 153 149 137 114  82

